1695731389165 29.0 0
1695731391423 35.0 0
1695731394639 57.0 0
1695731397143 43.0 0
1695731401979 90.0 0
1695731404518 29.0 0
1695731408443 41.0 0
1695731411744 51.0 0
1695731413838 30.0 0
1695731415946 32.0 0
1695731418005 32.0 0
1695731489817 76.0 0
1695731493175 62.0 0
1695731497863 33.0 0
1695731500232 42.0 0
1695731585504 53.0 0
1695731589394 71.0 0
1695731592536 59.0 0
1695731596074 60.0 0
1695731598168 34.0 0
1695731600787 46.0 0
1695731603619 48.0 0
1695731607374 70.0 0
1695731611091 68.0 0
1695731612220 14.0 0
1695731614660 42.0 0
1695731624096 190.0 0
1695731631521 129.0 0
1695731633560 34.0 0
1695731635218 25.0 0
1695731638504 59.0 0
1695731640453 25.0 0
1695731645343 86.0 0
1695731649160 70.0 0
1695731651765 37.0 0
1695731654090 38.0 0
1695731656482 41.0 0
1695731658838 42.0 0
1695731662258 60.0 0
1695731665079 44.0 0
1695731666708 25.0 0
1695731671170 80.0 0
1695731673551 33.0 0
1695731675339 23.0 0
1695731677147 28.0 0
1695731678255 15.0 0
1695731679803 22.0 0
1695731681893 25.0 0
1695731686272 61.0 0
1695731688567 37.0 0
1695731690506 19.0 0
1695731691795 19.0 0
1695731693063 12.0 0
1695731695416 40.0 0
1695731698697 56.0 0
1695731700851 36.0 0
1695731703314 43.0 0
1695731705200 23.0 0
1695731707615 40.0 0
1695731709513 31.0 0
1695731712829 61.0 0
1695731715295 40.0 0
1695731716952 22.0 0
