1695731389164 713.0 0
1695731391422 719.0 0
1695731394637 725.0 0
1695731397142 712.0 0
1695731401978 715.0 0
1695731404516 715.0 0
1695731408441 724.0 0
1695731411742 721.0 0
1695731413837 722.0 0
1695731415945 728.0 0
1695731418003 724.0 0
1695731489816 720.0 0
1695731493174 722.0 0
1695731497862 714.0 0
1695731500231 724.0 0
1695731585502 714.0 0
1695731589393 724.0 0
1695731592535 725.0 0
1695731596072 719.0 0
1695731598167 715.0 0
1695731600786 712.0 0
1695731603618 718.0 0
1695731607373 718.0 0
1695731611090 721.0 0
1695731612219 710.0 0
1695731614659 710.0 0
1695731624094 721.0 0
1695731631520 722.0 0
1695731633559 715.0 0
1695731635218 714.0 0
1695731638503 716.0 0
1695731640452 712.0 0
1695731645342 713.0 0
1695731649158 715.0 0
1695731651763 715.0 0
1695731654089 711.0 0
1695731656481 715.0 0
1695731658837 716.0 0
1695731662257 713.0 0
1695731665078 723.0 0
1695731666707 719.0 0
1695731671169 718.0 0
1695731673550 717.0 0
1695731675338 716.0 0
1695731677146 715.0 0
1695731678253 711.0 0
1695731679802 713.0 0
1695731681892 712.0 0
1695731686271 717.0 0
1695731688566 712.0 0
1695731690505 721.0 0
1695731691794 728.0 0
1695731693062 710.0 0
1695731695415 722.0 0
1695731698696 728.0 0
1695731700850 712.0 0
1695731703313 722.0 0
1695731705199 715.0 0
1695731707614 713.0 0
1695731709512 710.0 0
1695731712828 712.0 0
1695731715294 716.0 0
1695731716951 720.0 0
