1695731389167 0.0011275 0
1695731391425 0.0011485 0
1695731394640 0.0012014999999999999 0
1695731397145 0.0011539999999999999 0
1695731401980 0.0012525 0
1695731404519 0.0011305 0
1695731408444 0.001168 0
1695731411746 0.0011835 0
1695731413840 0.001143 0
1695731415948 0.0011560000000000001 0
1695731418006 0.00115 0
1695731489819 0.001232 0
1695731493176 0.001207 0
1695731497865 0.001137 0
1695731500233 0.00117 0
1695731585506 0.0011769999999999999 0
1695731589395 0.001228 0
1695731592537 0.0012055 0
1695731596075 0.0011985000000000001 0
1695731598170 0.0011404999999999998 0
1695731600788 0.00116 0
1695731603620 0.001173 0
1695731607375 0.001217 0
1695731611092 0.0012175 0
1695731612221 0.001093 0
1695731614661 0.001149 0
1695731624097 0.0014615000000000001 0
1695731631522 0.001341 0
1695731633561 0.0011404999999999998 0
1695731635219 0.0011209999999999998 0
1695731638505 0.0011920000000000001 0
1695731640454 0.0011179999999999999 0
1695731645344 0.0012415 0
1695731649161 0.0012124999999999998 0
1695731651766 0.0011465 0
1695731654091 0.0011424999999999999 0
1695731656483 0.0011545 0
1695731658839 0.0011580000000000002 0
1695731662260 0.0011895 0
1695731665080 0.0011725 0
1695731666710 0.0011285 0
1695731671172 0.001237 0
1695731673552 0.0011415000000000002 0
1695731675340 0.0011200000000000001 0
1695731677148 0.0011285 0
1695731678256 0.0010965 0
1695731679805 0.0011135 0
1695731681894 0.0011179999999999999 0
1695731686274 0.0011975 0
1695731688569 0.001142 0
1695731690508 0.0011195 0
1695731691796 0.0011300000000000001 0
1695731693065 0.001089 0
1695731695418 0.001163 0
1695731698698 0.001204 0
1695731700852 0.00114 0
1695731703316 0.001169 0
1695731705202 0.0011185 0
1695731707616 0.0011495 0
1695731709514 0.001127 0
1695731712830 0.0011899999999999999 0
1695731715297 0.001154 0
1695731716954 0.001124 0
