1695731389162 742.0 0
1695731391420 754.0 0
1695731394636 782.0 0
1695731397140 755.0 0
1695731401977 805.0 0
1695731404514 744.0 0
1695731408440 765.0 0
1695731411739 772.0 0
1695731413835 752.0 0
1695731415943 760.0 0
1695731418002 756.0 0
1695731489813 796.0 0
1695731493172 784.0 0
1695731497860 747.0 0
1695731500230 766.0 0
1695731585498 767.0 0
1695731589391 795.0 0
1695731592533 784.0 0
1695731596070 779.0 0
1695731598166 749.0 0
1695731600785 758.0 0
1695731603617 766.0 0
1695731607371 788.0 0
1695731611088 789.0 0
1695731612217 724.0 0
1695731614658 752.0 0
1695731624092 911.0 0
1695731631518 851.0 0
1695731633558 749.0 0
1695731635217 739.0 0
1695731638501 775.0 0
1695731640450 737.0 0
1695731645341 799.0 0
1695731649157 785.0 0
1695731651762 752.0 0
1695731654087 749.0 0
1695731656479 756.0 0
1695731658835 758.0 0
1695731662255 773.0 0
1695731665076 767.0 0
1695731666706 744.0 0
1695731671168 798.0 0
1695731673548 750.0 0
1695731675337 739.0 0
1695731677144 743.0 0
1695731678252 726.0 0
1695731679800 735.0 0
1695731681891 737.0 0
1695731686269 778.0 0
1695731688565 749.0 0
1695731690503 740.0 0
1695731691792 747.0 0
1695731693061 722.0 0
1695731695413 762.0 0
1695731698694 784.0 0
1695731700848 748.0 0
1695731703311 765.0 0
1695731705197 738.0 0
1695731707613 753.0 0
1695731709510 741.0 0
1695731712826 773.0 0
1695731715292 756.0 0
1695731716949 742.0 0
